4510000
4510010
4510100
4510110
4510120
4510020
4510200
4510201
4510202
4510203
4510204
4510205
4510206
4510207
4510208
4510209
4510210
4510211
4510212
4510213
4510214
4510215
4510220
4510221
4510222
4510223
4510224
4510225
4510226
4510227
4510230
4510030
4510300
4510301
4510302
4510303
4510304
4510305
4510306
4510307
4510308
4510309
4510311
4510312
4510313
4510314
4510315
4510316
4510317
4510040
4510400
4510401
4510402
4510403
4510404
4510405
4510410
4510411
4510412
4510413
4510414
4510415
4510416
4510417
4510418
4510419
4510420
4510421
4510422
4510423
4510424
4510425
4510426
4510427
4510430
4510431
4510432
4510433
4510434
4510435
4510436
4510437
4510438
4510439
4510440
4510441
4510442
4510443
4510444
4510445
4510460
4510461
4510462
4510463
4510464
4510465
4510466
4510467
4510050
4510500
4510501
4510502
4510503
4510504
4510505
4510506
4510507
4510508
4510509
4510511
4510512
4510513
4510520
4510521
4510522
4510523
4510524
4510525
4510530
4510531
4510532
4510533
4510534
4510535
4510536
4510537
4510538
4510539
4510541
4510542
4510543
4510550
4510551
4510553
4510554
4510555
4510556
4510557
4510558
4510559
4510561
4510562
4520000
4520010
4520100
4520101
4520102
4520103
4520104
4520105
4520106
4520107
4520108
4520109
4520111
4520112
4520113
4520114
4520115
4520116
4520117
4520118
4520119
4520121
4520122
4520123
4520124
4520125
4520126
4520127
4520128
4520129
4520020
4520130
4520131
4520132
4520133
4520134
4520135
4520136
4520137
4520138
4520139
4520140
4520141
4520142
4520143
4520144
4520145
4520146
4520147
4520148
4520149
4520151
4520152
4520153
4520030
4520161
4520162
4520163
4520164
4520165
4520166
4520167
4520040
4520201
4520202
4520203
4520204
4520205
4520206
4520207
4520211
4520212
4520213
4520214
4520215
4520216
4520217
4520218
4520219
4520221
4520222
4520223
4520224
4520225
4520226
4520227
4520228
4520229
4520231
4520232
4520233
4520234
4520235
4520236
4520237
4520238
4520239
4520241
4520242
4520243
4520244
4520245
4520246
4520050
4520301
4520302
4520303
4520304
4520305
4520306
4520307
4520308
4520309
4520311
4520312
4520060
4520401
4520402
4520403
4520404
4520405
4520406
4520407
4520408
4520070
4520411
4520412
4520413
4520414
4520415
4520080
4520500
4520501
4520502
4520510
4520511
4520512
4520513
4520514
4520515
4520516
4520517
4520518
4520519
4520520
4520521
4520522
4520523
4520524
4520525
4520526
4520527
4520529
4521000
4521010
4521011
4521101
4521102
4521103
4521104
4521105
4521106
4521012
4521111
4521112
4521113
4521114
4521121
4521122
4521123
4521124
4521125
4521126
4521127
4521020
4521021
4521131
4521132
4521133
4521134
4521135
4521136
4521137
4521141
4521142
4521143
4521144
4521145
4521146
4521151
4521152
4521161
4521162
4521171
4521172
4521173
4521181
4521191
4521201
4521208
4521211
4521212
4521213
4521214
4521215
4521218
4521221
4521222
4521223
4521224
4521225
4521226
4521227
4521022
4521231
4521232
4521238
4521241
4521242
4521243
4521244
4521245
4521246
4521247
4521248
4521249
4521251
4521252
4521253
4521254
4521255
4521256
4521257
4521258
4521259
4521261
4521262
4521263
4521268
4521271
4521272
4521273
4521274
4521275
4521276
4521281
4521282
4521283
4521291
4521292
4521293
4521301
4521302
4521308
4521311
4521312
4521313
4521318
4521321
4521023
4521331
4521332
4521341
4521342
4521343
4521351
4521352
4521353
4521354
4521355
4521356
4521357
4521358
4521359
4521361
4521362
4521363
4521364
4521024
4521381
4521382
4521383
4521384
4521385
4521386
4521387
4521388
4521389
4521025
4521391
4521392
4521393
4521394
4521395
4521396
4521030
4521031
4521401
4521402
4521403
4521404
4521405
4521406
4521407
4521408
4521409
4521411
4521412
4521413
4521414
4521415
4521416
4521417
4521418
4521421
4521422
4521423
4521424
4521032
4521431
4521432
4521433
4521434
4521435
4521436
4521437
4521438
4521439
4521441
4521442
4521443
4521444
4521445
4521446
4521447
4521448
4521449
4521451
4521452
4521453
4521454
4521455
4521456
4521457
4521458
4521459
4521461
4521462
4521463
4521464
4521465
4521466
4521467
4521468
4521469
4521471
4521472
4521473
4521474
4521475
4521476
4521477
4521478
4521479
4521481
4521482
4521040
4521041
4521501
4521502
4521503
4521504
4521505
4521506
4521507
4521508
4521509
4521511
4521512
4521513
4521514
4521515
4521516
4521517
4521518
4521519
4521521
4521522
4521523
4521524
4521525
4521526
4521527
4521528
4521529
4521531
4521042
4521541
4521542
4521543
4521544
4521545
4521050
4521051
4521551
4521552
4521553
4521554
4521052
4521555
4521556
4521557
4521561
4521562
4521563
4521564
4521565
4521566
4521567
4521568
4521569
4521571
4521572
4521573
4521053
4521574
4521575
4521576
4521577
4521578
4521579
4521581
4521582
4521583
4521584
4521585
4521586
4521587
4521588
4521589
4521591
4521592
4521593
4521054
4521594
4521595
4521596
4521597
4521598
4521055
4521599
4521601
4521602
4521603
4521604
4521605
4521606
4521607
4521608
4521609
4521611
4521621
4521622
4521631
4521632
4521056
4521633
4521634
4521635
4521636
4521637
4521641
4521642
4521651
4521661
4521662
4521057
4521663
4521664
4521665
4521666
4521667
4521668
4521671
4521672
4521673
4521674
4521675
4521676
4521681
4521682
4521683
4521684
4521685
4521686
4521687
4521688
4521689
4521691
4521692
4521058
4521693
4521694
4521695
4521696
4521697
4521698
4521701
4521702
4521703
4521711
4521712
4521713
4521714
4521721
4521722
4521723
4521724
4521725
4521726
4521731
4521732
4521733
4521741
4521742
4521743
4521751
4521752
4521753
4521761
4521762
4521763
4521764
4521765
4521766
4521767
4521768
4521769
4521781
4521782
4521783
4521059
4521784
4521785
4521786
4521787
4521788
4521789
4521791
4521801
4521802
4521803
4521811
4522000
4522010
4522011
4522111
4522112
4522113
4522114
4522115
4522116
4522121
4522122
4522131
4522132
4522133
4522134
4522135
4522136
4522137
4522138
4522141
4522142
4522143
4522144
4522145
4522146
4522147
4522148
4522151
4522152
4522153
4522154
4522155
4522156
4522157
4522161
4522012
4522171
4522172
4522173
4522174
4522175
4522176
4522177
4522178
4522179
4522181
4522182
4522183
4522191
4522192
4522193
4522194
4522195
4522196
4522020
4522221
4522222
4522223
4522224
4522225
4522226
4522227
4522228
4522229
4522231
4522232
4522233
4522234
4522235
4522241
4522242
4522243
4522244
4522030
4522031
4522281
4522282
4522283
4522284
4522285
4522286
4522287
4522288
4522291
4522292
4522301
4522302
4522303
4522304
4522305
4522306
4522307
4522308
4522311
4522321
4522331
4522332
4522333
4522334
4522335
4522336
4522337
4522338
4522341
4522032
4522371
4522372
4522373
4522374
4522375
4522376
4522377
4522378
4522379
4522381
4522382
4522383
4522384
4522385
4522386
4522387
4522388
4522389
4522391
4522392
4522401
4522402
4522403
4522404
4522405
4522411
4522412
4522413
4522414
4522421
4522441
4522442
4522443
4522444
4522451
4522452
4522033
4522481
4522482
4522483
4522484
4522485
4522486
4522487
4522488
4522489
4522491
4522492
4522493
4522494
4522501
4522502
4522503
4522504
4522505
4522511
4522512
4522040
4522531
4522532
4522533
4522534
4522535
4522536
4522537
4522538
4522539
4522541
4522542
4522543
4522544
4522545
4522546
4522547
4522548
4522549
4522551
4522552
4522553
4522555
4522556
4522561
4522562
4522563
4522050
4522051
4522581
4522582
4522583
4522584
4522585
4522586
4522587
4522588
4522589
4522591
4522592
4522593
4522594
4522601
4522602
4522603
4522604
4522605
4522606
4522607
4522608
4522609
4522611
4522612
4522613
4522614
4522615
4522616
4522617
4522618
4522619
4522052
4522621
4522622
4522623
4522624
4522625
4522626
4522627
4522628
4522629
4522631
4522632
4522633
4522634
4522635
4522636
4522637
4522638
4522639
4522641
4522642
4522643
4522644
4522645
4522646
4522053
4522647
4522648
4522649
4522701
4522702
4522703
4522704
4522705
4522706
4522707
4522708
4522711
4522712
4522713
4522060
4522061
4522721
4522722
4522723
4522724
4522725
4522726
4522727
4522731
4522741
4522742
4522743
4522744
4522745
4522746
4522747
4522748
4522749
4522751
4522752
4522753
4522754
4522755
4522758
4522761
4522772
4522773
4522774
4522775
4522781
4522782
4522791
4522801
4522811
4522821
4522822
4522823
4522824
4522825
4522826
4522827
4522828
4522062
4522831
4522832
4522833
4522834
4522835
4522836
4522837
4522070
4522071
4522841
4522842
4522843
4522844
4522845
4522846
4522847
4522848
4522849
4522851
4522852
4522853
4522854
4522855
4522856
4522857
4522858
4522859
4522861
4522862
4522863
4522864
4522866
4522868
4522869
4522871
4522872
4522072
4522881
4522882
4522883
4522884
4522885
4522886
4522887
4522888
4522889
4522891
4522892
4522893
4522894
4522901
4522911
4523000
4523010
4523101
4523102
4523103
4523111
4523112
4523113
4523121
4523122
4523131
4523020
4523141
4523142
4523143
4523144
4523151
4523161
4523162
4523163
4523164
4523165
4523166
4523167
4523168
4523169
4523171
4523172
4523173
4523181
4523182
4523191
4523192
4523193
4523194
4523195
4523201
4523202
4523211
4523221
4523231
4523030
4523251
4523252
4523253
4523261
4523262
4523263
4523272
4523273
4523274
4523275
4523281
4523282
4523283
4523040
4523301
4523302
4523303
4523304
4523305
4523306
4523307
4523308
4523309
4523311
4523312
4523313
4523314
4523315
4523316
4523317
4523318
4523319
4523321
4523322
4523323
4523324
4523325
4523326
4523327
4523328
4523329
4523331
4523332
4523341
4523351
4523352
4523353
4523361
4523371
4523372
4523050
4523401
4523402
4523403
4523404
4523405
4523406
4523411
4523412
4523413
4523414
4523415
4523416
4523417
4523481
4523060
4523501
4523502
4523503
4523504
4523505
4523506
4523511
4523512
4523513
4523514
4523521
4523522
4523523
4523524
4523525
4523526
4523531
4523541
4523542
4523543
4523551
4523561
4523571
4524000
4524010
4524101
4524102
4524103
4524104
4524105
4524111
4524112
4524113
4524114
4524115
4524116
4524117
4524118
4524119
4524121
4524122
4524123
4524124
4524125
4524126
4524127
4524128
4524131
4524132
4524133
4524134
4524135
4524136
4524137
4524138
4524139
4524141
4524142
4524143
4524144
4524145
4524151
4524152
4524020
4524161
4524171
4524172
4524173
4524174
4524175
4524181
4524191
4524201
4524211
4524221
4524231
4524232
4524233
4524234
4524235
4524236
4524237
4524238
4524241
4524242
4524243
4524244
4524245
4524246
4524247
4524248
4524249
4524251
4524252
4524261
4524271
4524272
4524030
4524301
4524302
4524303
4524304
4524305
4524306
4524307
4524308
4524309
4524311
4524312
4524313
4524314
4524315
4524316
4524321
4524322
4524323
4524324
4524325
4524040
4524351
4524352
4524353
4524361
4524362
4524363
4524364
4524371
4524372
4524373
4524374
4524375
4524376
4524377
4524378
4524381
4524050
4524401
4524411
4524421
4524422
4524423
4524424
4524425
4524426
4524427
4524431
4524432
4524433
4524441
4524442
4524443
4524444
4524445
4524451
4524461
4524471
4524060
4524501
4524502
4524503
4524504
4524505
4524506
4524507
4524508
4524509
4524511
4524512
4524513
4524070
4524531
4524532
4524533
4524541
4524551
4524561
4524571
4524581
4524591
4524592
4524601
4524611
4524080
4524641
4524642
4524643
4524644
4524645
4524651
4524652
4525000
4525010
4525101
4525102
4525103
4525111
4525112
4525113
4525114
4525115
4525116
4525117
4525118
4525121
4525122
4525123
4525131
4525141
4525142
4525143
4525144
4525151
4525152
4525153
4525154
4525155
4525156
4525161
4525162
4525163
4525164
4525171
4525181
4525182
4525191
4525192
4525193
4525194
4525195
4525201
4525202
4525203
4525204
4525205
4525211
4525221
4525231
4525020
4525021
4525251
4525252
4525258
4525261
4525262
4525263
4525264
4525265
4525266
4525267
4525268
4525271
4525272
4525273
4525274
4525281
4525291
4525301
4525311
4525321
4525331
4525341
4525351
4525361
4525022
4525371
4525372
4525381
4525391
4525392
4525401
4525402
4525403
4525411
4525412
4525030
4525501
4525511
4525521
4525531
4525532
4525541
4525542
4525543
4525551
4525552
4525561
4525562
4525563
4525564
4525565
4525566
4525567
4525568
4525569
4525571
4525572
4525573
4525574
4525575
4525581
4525591
4525592
4525593
4525594
4525601
4525602
4525603
4525604
4525611
4525621
4525622
4525631
4525040
4525641
4525642
4525643
4525651
4525661
4525662
4525663
4525671
4525672
4525673
4525674
4525675
4525676
4525677
4525678
4525681
4525682
4525683
4525684
4525685
4525686
4525691
4525701
4525711
4525721
4525731
4525732
4525733
4525734
4525741
4525742
4525751
4525752
4525050
4525801
4525811
4525821
4525831
4525841
4525842
4525843
4525844
4525861
4525862
4525871
4526
4526000
4526010
4526101
4526102
4526103
4526104
4526105
4526111
4526112
4526121
4526122
4526123
4526124
4526125
4526131
4526141
4526151
4526161
4526171
4526172
4526173
4526174
4526175
4526176
4526181
4526182
4526183
4526184
4526191
4526192
4526201
4526202
4526203
4526204
4526211
4526212
4526213
4526214
4526215
4526216
4526217
4526020
4526231
4526232
4526233
4526234
4526235
4526236
4526237
4526238
4526239
4526241
4526242
4526243
4526271
4526272
4526273
4526274
4526275
4526276
4526282
4526283
4526291
4526292
4526293
4526294
4526296
4526297
4526298
4526299
4526301
4526302
4526311
4526312
4526313
4526314
4526315
4526316
4526030
4526331
4526332
4526341
4526342
4526343
4526344
4526345
4526346
4526347
4526351
4526352
4526353
4526040
4526371
4526372
4526373
4526381
4526382
4526383
4526384
4526391
4526392
4526393
4526394
4526050
4526401
4526402
4526403
4526404
4526411
4526412
4526413
4526414
4526415
4526416
4526417
4526421
4526422
4526423
4526424
4526431
4526060
4526451
4526452
4526453
4526454
4526455
4526456
4526457
4526458
4526459
4526461
4526462
4526463
4526464
4526465
4526466
4526467
4526468
4526469
4526070
4526501
4526511
4526512
4526513
4526514
4526515
4526516
4526517
4526518
4526519
4526521
4526522
4526523
4526524
4526525
4526526
4526527
4526080
4526551
4526552
4526553
4526561
4526562
4526563
4526564
4526565
4526571
4526572
4526573
4526574
4526575
4526576
4526577
4526578
4526581
4526582
4526583
4526584
4526585
4526586
4526587
4526588
4526591
4526592
4526593
4526601
4526602
4526603
4526604
4526090
4526651
4526652
4526653
4526654
4526661
4526671
4526672
4526673
4526674
4526675
4526676
4526681
4526691
4526692
4526693
4526701
4526702
4526703
4526704
4526705
4526711
4526712
4527000
4527010
4527101
4527102
4527103
4527104
4527105
4527106
4527107
4527108
4527109
4527111
4527112
4527113
4527114
4527115
4527116
4527117
4527118
4527119
4527121
4527122
4527123
4527124
4527126
4527131
4527132
4527133
4527134
4527135
4527136
4527137
4527138
4527141
4527142
4527143
4527151
4527152
4527153
4527020
4527181
4527182
4527183
4527184
4527185
4527191
4527192
4527193
4527194
4527195
4527196
4527197
4527198
4527199
4527201
4527202
4527203
4527204
4527211
4527212
4527213
4527214
4527221
4527222
4527223
4527224
4527231
4527232
4527233
4527234
4527235
4527241
4527242
4527030
4527031
4527301
4527302
4527303
4527304
4527032
4527311
4527312
4527313
4527314
4527315
4527316
4527321
4527322
4527323
4527324
4527325
4527331
4527332
4527333
4527334
4527335
4527336
4527337
4527341
4527342
4527343
4527344
4527345
4527351
4527361
4527362
4527363
4527371
4527372
4527373
4527374
4527375
4527376
4527377
4527381
4527382
4527383
4527384
4527385
4527391
4527392
4527393
4527394
4527033
4527401
4527402
4527403
4527404
4527405
4527406
4527407
4527408
4527409
4527411
4527412
4527413
4527414
4527415
4527040
4527451
4527452
4527453
4527454
4527455
4527461
4527462
4527463
4527464
4527471
4527472
4527473
4527474
4527481
4527482
4527483
4527484
4527491
4527492
4527493
4527494
4527495
4527496
4527497
4527498
4527499
4527501
4527502
4527503
4527504
4527505
4527506
4527507
4527508
4527509
4527511
4527512
4527050
4527610
4527611
4527612
4527613
4527614
4527615
4527616
4527619
4527620
4527630
4527640
4528000
4528010
4528101
4528102
4528103
4528104
4528105
4528106
4528107
4528108
4528109
4528111
4528112
4528113
4528114
4528115
4528116
4528117
4528121
4528122
4528123
4528124
4528125
4528126
4528127
4528128
4528129
4528131
4528141
4528142
4528143
4528145
4528151
4528152
4528153
4528154
4528161
4528171
4528181
4528191
4528201
4528211
4528221
4528222
4528223
4528231
4528232
4528233
4528234
4528241
4528242
4528243
4528251
4528252
4528253
4528254
4528255
4528020
4528281
4528282
4528283
4528284
4528285
4528286
4528288
4528030
4528301
4528311
4528312
4528321
4528322
4528323
4528331
4528332
4528333
4528334
4528335
4528336
4528337
4528338
4528341
4528351
4528361
4528371
4528378
4528381
4528391
4528392
4528401
4528408
4528411
4528421
4528422
4528431
4528441
4528451
4528461
4528471
4528481
4528040
4528511
4528512
4528521
4528522
4528531
4528532
4528533
4528534
4528535
4528536
4528537
4528539
4528541
4528551
4528552
4528553
4528561
4528562
4528563
4528564
4528565
4528571
4528572
4528573
4528574
4528050
4528581
4528582
4528591
4528601
4528060
4528651
4528661
4528662
4528663
4528671
4528672
4528674
4528675
4528676
4528681
4528682
4528683
4528684
4528685
4528686
4528687
4528688
4528689
4528691
4528701
4528702
4528703
4528704
4528705
4528706
4528707
4528711
4528712
4528713
4528714
4528715
4528716
4528721
4528070
4528751
4528761
4528771
4528781
4528791
4528792
4528801
4528802
4528812
4528813
4528814
4528821
4528830
4528831
4528832
4528841
4528842
4528843
4528851
4528852
4528853
4528854
4528855
4528856
4528872
4528873
4528881
4528891
4528901
4528911
4528921
4528931
4529000
4529010
4529020
4529030
4529040
4529050
4530000
4530010
4530011
4530101
4530102
4530103
4530104
4530105
4530106
4530107
4530108
4530109
4530012
4530111
4530112
4530113
4530114
4530115
4530116
4530117
4530118
4530013
4530121
4530122
4530123
4530124
4530125
4530126
4530127
4530128
4530129
4530131
4530132
4530133
4530134
4530135
4530136
4530137
4530138
4530139
4530141
4530142
4530014
4530151
4530152
4530153
4530154
4530155
4530156
4530157
4530158
4530159
4530161
4530015
4530171
4530172
4530173
4530174
4530175
4530176
4530177
4530178
4530179
4530181
4530182
4530183
4530184
4530185
4530186
4530187
4530188
4530016
4530191
4530192
4530193
4530194
4530195
4530017
4530201
4530202
4530203
4530204
4530018
4530221
4530222
4530223
4530224
4530225
4530226
4530227
4530228
4530229
4530231
4530232
4530233
4530234
4530235
4530236
4530237
4530238
4530239
4530241
4530242
4530243
4530244
4530245
4530246
4530247
4530248
4530249
4530251
4530252
4530253
4530254
4530255
4530256
4530257
4530258
4530259
4530019
4530271
4530272
4530273
4530274
4530275
4530276
4530277
4530278
4530279
4530281
4530282
4530283
4530290
4530291
4530292
4530293
4530294
4530295
4530020
4530300
4530301
4530302
4530303
4530304
4530305
4530310
4530320
4530321
4530322
4530323
4530324
4530325
4530326
4530330
4530331
4530332
4530333
4530334
4530340
4530341
4530342
4530343
4530350
4530351
4530352
4530353
4530354
4530355
4530356
4530357
4530358
4530030
4530370
4530371
4530372
4530373
4530374
4530375
4530376
4530377
4530378
4530379
4530380
4530381
4530382
4530383
4530384
4530390
4530391
4530392
4530393
4530394
4530400
4530401
4530402
4530403
4530404
4530410
4530411
4530412
4530413
4530414
4530415
4530416
4530420
4530421
4530422
4530423
4530424
4530425
4530426
4530427
4530428
4530429
4530431
4530440
4530441
4530442
4530443
4530444
4530445
4530446
4530447
4530448
4530450
4530451
4530452
4530453
4530454
4530455
4530456
4530457
4530458
4530459
4530461
4530462
4530463
4530464
4530465
4530466
4530467
4530468
4530469
4530470
4530471
4530472
4530473
4530474
4530475
4530476
4530477
4530478
4530479
4530481
4530482
4530483
4530484
4530485
4530490
4530491
4530492
4530493
4530500
4530501
4530502
4530503
4530040
4530520
4530521
4530522
4530523
4530524
4530525
4530526
4530527
4530528
4530529
4530530
4530531
4530532
4530533
4530534
4530535
4530536
4530539
4530540
4530550
4530551
4530552
4530553
4530554
4530555
4530556
4530557
4530558
4530559
4530561
4530562
4530563
4530564
4530565
4530566
4530570
4530571
4530572
4530573
4530574
4530580
4530581
4530582
4530583
4530584
4530585
4530586
4530587
4530588
4530589
4530591
4530592
4530593
4530600
4530601
4530602
4530603
4530050
4530620
4530621
4530622
4530623
4530624
4530625
4530626
4530627
4530630
4530631
4530632
4530633
4530634
4530635
4530636
4530637
4530638
4530639
4530641
4530642
4530643
4530644
4530645
4530646
4530647
4530648
4530649
4530651
4530652
4530653
4530654
4530655
4530656
4530657
4530658
4530659
4530661
4530662
4530663
4530670
4530671
4530672
4530673
4530680
4530681
4530682
4530690
4530691
4530692
4530693
4530700
4530701
4530702
4530060
4530720
4530721
4530722
4530723
4530724
4530725
4530726
4530727
4530728
4530729
4530730
4530731
4530732
4530733
4530734
4530740
4530741
4530742
4530743
4530744
4530745
4530746
4530747
4530748
4530749
4530750
4530751
4530752
4530753
4530761
4530762
4530763
4530764
4530765
4530766
4530767
4530768
4530769
4530771
4530772
4530780
4530781
4530782
4530783
4530784
4530785
4530786
4530787
4530788
4530789
4530791
4530070
4530800
4530801
4530802
4530803
4530804
4530805
4530806
4530807
4530808
4530809
4530811
4530820
4530821
4530822
4530823
4530824
4530830
4530831
4530832
4530833
4530834
4530835
4530090
4530850
4530851
4530852
4530853
4530854
4530855
4530856
4530857
4530858
4530860
4530861
4530862
4530863
4530864
4530865
4530870
4530871
4530872
4530880
4530881
4530882
4530890
4530891
4530893
4530894
4530895
4530899
4530900
4530901
4530902
4530910
4530911
4530912
4530913
4530914
4530915
4530916
4530917
4530920
4530921
4530922
4530923
4530930
4530931
4530932
4540000
4540010
4540100
4540101
4540102
4540103
4540104
4540105
4540106
4540107
4540108
4540109
4540111
4540112
4540113
4540120
4540121
4540122
4540123
4540124
4540125
4540126
4540127
4540130
4540131
4540132
4540133
4540134
4540135
4540136
4540137
4540138
4540139
4540140
4540141
4540142
4540143
4540144
4540145
4540146
4540147
4540148
4540150
4540151
4540152
4540153
4540154
4540155
4540156
4540157
4540158
4540159
4540161
4540162
4540163
4540164
4540170
4540171
4540172
4540173
4540174
4540175
4540176
4540177
4540020
4540200
4540201
4540202
4540203
4540204
4540205
4540206
4540207
4540208
4540209
4540211
4540212
4540213
4540214
4540215
4540216
4540217
4540220
4540221
4540222
4540223
4540224
4540225
4540226
4540227
4540230
4540231
4540232
4540233
4540234
4540235
4540236
4540240
4540241
4540242
4540243
4540244
4540245
4540246
4540247
4540248
4540249
4540251
4540252
4540253
4540254
4540255
4540256
4540260
4540261
4540262
4540263
4540264
4540265
4540266
4540267
4540268
4540269
4540271
4540272
4540273
4540280
4540281
4540282
4540290
4540291
4540292
4540293
4540294
4540295
4540296
4540297
4540298
4540299
4540301
4540030
4540031
4540321
4540322
4540323
4540324
4540325
4540326
4540327
4540328
4540329
4540032
4540330
4540331
4540332
4540333
4540334
4540335
4540336
4540337
4540338
4540339
4540341
4540342
4540343
4540344
4540345
4540346
4540347
4540348
4540349
4540351
4540352
4540353
4540354
4540040
4540361
4540362
4540363
4540364
4540365
4540366
4540367
4540368
4540369
4540371
4540372
4540373
4540374
4540375
4540380
4540381
4540382
4540383
4540384
4540385
4540050
4540391
4540392
4540393
4540394
4540395
4540396
4540397
4540398
4540399
4540401
4540402
4540403
4540404
4540405
4540406
4540407
4540408
4540409
4540411
4540412
4540413
4540414
4540415
