1	4510214
1	4510215
1	4510223
1	4510224
2	4510301
2	4510302
2	4510303
2	4510304
2	4510305
2	4510306
2	4510307
2	4510316
2	4510317
3	4510205
3	4510206
3	4510207
3	4510208
3	4510209
3	4510461
3	4510462
3	4510463
3	4510464
3	4510465
3	4510466
3	4510467
4	4510411
4	4510412
4	4510413
4	4510414
4	4510417
4	4510419
4	4510433
4	4510434
5	4510427
6	4510415
6	4510423
6	4510424
6	4510425
6	4510426
7	4510441
7	4510442
7	4510443
7	4510444
7	4510445
8	4510507
8	4520161
8	4520162
8	4520163
8	4520164
8	4520165
8	4520166
8	4520167
9	4510404
9	4510431
9	4510432
10	4510421
10	4510422
12	4510437
12	4510438
12	4510439
14	4510501
14	4510502
14	4510503
14	4510506
14	4520115
14	4520117
14	4520118
14	4520131
14	4520132
14	4520133
14	4520134
14	4520135
14	4520136
14	4520137
14	4520138
14	4520139
14	4520141
14	4520142
14	4520143
14	4520144
14	4520145
14	4520146
14	4520147
14	4520148
14	4520149
14	4520151
14	4520152
14	4520153
15	4520202
15	4520203
15	4520204
15	4520205
15	4520206
15	4520207
15	4520211
15	4520212
15	4520213
15	4520214
15	4520215
15	4520216
15	4520217
15	4520218
15	4520219
15	4520221
15	4520222
15	4520223
15	4520224
15	4520225
15	4520226
15	4520227
15	4520228
15	4520229
15	4520231
15	4520232
15	4520233
15	4520234
15	4520235
15	4520236
15	4520237
15	4520238
15	4520239
15	4520241
15	4520242
15	4520243
15	4520244
15	4520245
15	4520246
15	4520402
16	4520101
16	4520102
16	4520103
16	4520104
16	4520105
16	4520106
16	4520107
16	4520108
16	4520109
16	4520111
16	4520112
16	4520113
16	4520114
16	4520116
16	4520119
16	4520121
16	4520122
16	4520123
16	4520124
16	4520125
16	4520126
16	4520127
16	4520128
16	4520129
17	4540201
17	4540202
17	4540204
17	4540205
17	4540206
17	4540207
17	4540208
17	4540209
17	4540211
17	4540216
18	4520401
18	4520405
18	4520407
20	4510502
20	4510505
20	4520213
20	4520301
20	4520302
20	4520304
20	4520305
20	4520306
20	4520307
20	4520308
20	4520309
20	4520312
20	4520406
21	4540171
21	4540172
21	4540173
21	4540174
21	4540175
21	4540176
21	4540177
22	4510502
22	4520303
22	4520411
22	4520412
22	4520413
22	4520414
23	4540121
23	4540122
23	4540123
23	4540124
23	4540125
23	4540126
23	4540127
24	4540101
24	4540102
24	4540103
24	4540104
24	4540105
24	4540106
24	4540107
24	4540108
24	4540109
24	4540111
24	4540112
24	4540113
25	4540151
25	4540152
25	4540153
25	4540154
25	4540155
25	4540156
25	4540157
25	4540158
25	4540159
25	4540161
25	4540162
25	4540163
25	4540164
26	4540133
26	4540141
26	4540142
26	4540143
26	4540144
26	4540146
26	4540147
26	4540148
27	4530107
27	4530109
27	4530156
27	4530186
27	4530187
27	4530195
27	4530201
27	4530202
27	4530204
27	4530221
27	4530224
27	4530225
27	4530226
27	4530228
27	4530229
27	4530231
27	4530232
27	4530233
27	4530234
27	4530235
27	4530239
27	4530241
27	4530243
27	4530244
27	4530245
27	4530246
27	4530247
27	4530271
27	4530272
27	4530274
27	4530275
27	4530276
27	4530277
27	4530278
27	4530279
27	4530291
27	4530295
27	4530451
27	4530452
27	4530455
27	4530456
27	4530457
27	4530458
27	4530459
27	4530461
27	4530463
27	4530464
27	4530465
27	4530466
27	4530467
27	4530468
27	4530469
27	4530634
27	4530637
27	4530638
27	4530639
27	4530641
27	4530642
27	4530643
27	4530644
27	4530645
27	4530646
27	4530651
27	4530658
28	4530111
28	4530112
28	4530113
28	4530114
28	4530115
28	4530116
28	4530117
28	4530118
28	4530121
28	4530122
28	4530123
28	4530124
28	4530125
28	4530126
28	4530127
28	4530128
28	4530129
28	4530131
28	4530132
28	4530133
28	4530134
28	4530135
28	4530136
28	4530137
28	4530138
28	4530139
28	4530141
28	4530142
28	4530151
28	4530152
28	4530153
28	4530154
28	4530155
28	4530156
28	4530158
28	4530159
28	4530173
28	4530175
28	4530176
28	4530177
28	4530179
28	4530181
28	4530186
28	4530187
28	4530188
28	4530191
28	4530192
28	4530193
28	4530194
28	4530195
28	4530202
28	4530203
28	4530204
28	4530221
28	4530222
28	4530223
28	4530225
28	4530226
28	4530227
28	4530228
28	4530229
28	4530231
28	4530232
28	4530234
28	4530235
28	4530236
28	4530237
28	4530238
28	4530239
28	4530247
28	4530248
28	4530274
28	4530275
28	4530276
28	4530283
28	4530291
28	4530292
28	4530451
28	4530452
28	4530453
28	4530454
28	4530455
28	4530456
28	4530457
28	4530458
28	4530459
28	4530461
28	4530462
28	4530463
28	4530464
28	4530465
28	4530466
28	4530467
28	4530468
28	4530469
29	4530300
29	4530301
29	4530302
29	4530303
29	4530304
29	4530305
29	4530310
29	4530320
29	4530321
29	4530322
29	4530323
29	4530324
29	4530325
29	4530326
29	4530330
29	4530331
29	4530332
29	4530333
29	4530334
29	4530340
29	4530341
29	4530342
29	4530343
29	4530350
29	4530351
29	4530352
29	4530353
29	4530354
29	4530355
29	4530356
29	4530357
29	4530358
29	4530370
29	4530371
29	4530372
29	4530373
29	4530374
29	4530375
29	4530376
29	4530377
29	4530378
29	4530379
29	4530380
29	4530381
29	4530382
29	4530383
29	4530384
29	4530390
29	4530391
29	4530392
29	4530393
29	4530394
29	4530400
29	4530401
29	4530402
29	4530403
29	4530404
29	4530410
29	4530411
29	4530412
29	4530413
29	4530414
29	4530415
29	4530416
29	4530420
29	4530421
29	4530422
29	4530423
29	4530424
29	4530425
29	4530426
29	4530427
29	4530428
29	4530429
29	4530431
29	4530440
29	4530441
29	4530442
29	4530443
29	4530444
29	4530445
29	4530446
29	4530447
29	4530448
29	4530450
29	4530451
29	4530452
29	4530453
29	4530454
29	4530455
29	4530456
29	4530457
29	4530458
29	4530459
29	4530461
29	4530462
29	4530463
29	4530464
29	4530465
29	4530466
29	4530467
29	4530468
29	4530469
29	4530470
29	4530471
29	4530472
29	4530473
29	4530474
29	4530475
29	4530476
29	4530477
29	4530478
29	4530479
29	4530481
29	4530482
29	4530483
29	4530484
29	4530485
29	4530490
29	4530491
29	4530492
29	4530493
29	4530500
29	4530501
29	4530502
29	4530503
29	4530520
29	4530521
29	4530522
29	4530523
29	4530524
29	4530525
29	4530526
29	4530527
29	4530528
29	4530529
29	4530530
29	4530531
29	4530532
29	4530533
29	4530534
29	4530535
29	4530536
29	4530539
29	4530540
29	4530550
29	4530551
29	4530552
29	4530553
29	4530554
29	4530555
29	4530556
29	4530557
29	4530558
29	4530559
29	4530561
29	4530562
29	4530563
29	4530564
29	4530565
29	4530566
29	4530570
29	4530571
29	4530572
29	4530573
29	4530574
29	4530580
29	4530581
29	4530582
29	4530583
29	4530584
29	4530585
29	4530586
29	4530587
29	4530588
29	4530589
29	4530591
29	4530592
29	4530593
29	4530600
29	4530601
29	4530602
29	4530603
29	4530620
29	4530621
29	4530622
29	4530623
29	4530624
29	4530625
29	4530626
29	4530627
29	4530630
29	4530631
29	4530632
29	4530633
29	4530634
29	4530635
29	4530636
29	4530637
29	4530638
29	4530639
29	4530641
29	4530642
29	4530643
29	4530644
29	4530645
29	4530646
29	4530647
29	4530648
29	4530649
29	4530651
29	4530652
29	4530653
29	4530654
29	4530655
29	4530656
29	4530657
29	4530658
29	4530659
29	4530661
29	4530662
29	4530663
29	4530670
29	4530671
29	4530672
29	4530673
29	4530680
29	4530681
29	4530682
29	4530690
29	4530691
29	4530692
29	4530693
29	4530700
29	4530701
29	4530702
29	4530720
29	4530721
29	4530722
29	4530723
29	4530724
29	4530725
29	4530726
29	4530727
29	4530728
29	4530729
29	4530730
29	4530731
29	4530732
29	4530733
29	4530734
29	4530740
29	4530741
29	4530742
29	4530743
29	4530744
29	4530745
29	4530746
29	4530747
29	4530748
29	4530749
29	4530750
29	4530751
29	4530752
29	4530753
29	4530761
29	4530762
29	4530763
29	4530764
29	4530765
29	4530766
29	4530767
29	4530768
29	4530769
29	4530771
29	4530772
29	4530780
29	4530781
29	4530782
29	4530783
29	4530784
29	4530785
29	4530786
29	4530787
29	4530788
29	4530789
29	4530791
29	4530800
29	4530801
29	4530802
29	4530803
29	4530804
29	4530805
29	4530806
29	4530807
29	4530808
29	4530809
29	4530811
29	4530820
29	4530821
29	4530822
29	4530823
29	4530824
29	4530830
30	4530850
30	4530851
30	4530852
30	4530853
30	4530854
30	4530855
30	4530856
30	4530857
30	4530858
30	4530860
30	4530861
30	4530862
30	4530863
30	4530864
30	4530865
30	4530870
30	4530871
30	4530872
30	4530880
30	4530881
30	4530882
30	4530890
30	4530891
30	4530893
30	4530894
30	4530895
30	4530899
30	4530900
30	4530901
30	4530902
30	4530910
30	4530911
30	4530912
30	4530913
30	4530914
30	4530915
30	4530916
30	4530917
30	4530920
30	4530921
30	4530922
30	4530923
30	4530930
31	4510221
31	4540243
31	4540244
31	4540245
31	4540246
31	4540382
31	4540383
31	4540384
31	4540385
32	4540391
32	4540392
32	4540393
32	4540394
32	4540395
32	4540396
32	4540397
32	4540398
32	4540399
32	4540401
32	4540402
32	4540403
32	4540404
32	4540405
32	4540406
32	4540407
32	4540408
32	4540409
32	4540411
32	4540412
32	4540413
32	4540414
32	4540415
33	4510521
33	4510522
33	4510523
33	4510524
33	4510525
34	4510531
34	4510532
34	4510533
34	4510534
34	4510535
34	4510536
34	4510537
34	4510538
34	4510539
34	4510541
34	4510542
34	4510543
35	4510551
35	4510553
35	4510554
35	4510555
35	4510556
35	4510557
35	4510558
35	4510559
35	4510561
35	4510562
